0.4921052609619341 0.00830078125 0.5546351674641149 
0.8789473696758872 0.275390625 0.9777811004784688 
0.5710526315789474 0.01318359375 0.6839413875598085 
0.6526315789473683 0.021484375 0.7451555023923445 
0.6342105275706241 0.0166015625 0.8208881578947368 
0.6921052625304773 0.02685546875 0.7047398325358851 
0.6868421065179924 0.02490234375 0.6725478468899521 
0.8078947368421051 0.11865234375 0.8997159090909091 
0.7815789492506731 0.09716796875 0.9359898325358851 
0.7605263151620563 0.05908203125 0.8400867224880383 
0.7105263151620564 0.0361328125 0.8106309808612441 
0.6842105275706242 0.02734375 0.7888456937799043 
0.7184210532589963 0.0400390625 0.7864683014354068 
0.7315789467410038 0.04345703125 0.8255382775119617 
0.19736842136634025 0.0009765625 0.4472637559808612 
0.8710526328337819 0.662109375 0.9804425837320574 
0.657894736214688 0.0380859375 0.8347488038277513 
0.868421052631579 0.4892578125 0.9867972488038277 
0.8684210532589963 0.41845703125 0.9834778708133971 
0.8236842105263158 0.17236328125 0.9757027511961723 
0.8026315789473685 0.13330078125 0.9279007177033494 
0.8315789492506731 0.140625 0.8953797846889952 
0.8421052637853121 0.244140625 0.9855562200956938 
0.8394736873476129 0.3203125 0.9917912679425838 
0.8184210532589962 0.23681640625 0.987769138755981 
0.8552631610318233 0.35595703125 0.9913427033492823 
0.8657894749390452 0.42138671875 0.9840311004784688 
0.7815789486232557 0.095703125 0.885302033492823 
0.8184210538864136 0.251953125 0.9875448564593302 
0.8578947387243572 0.28564453125 0.9867374401913874 
0.7447368433600978 0.06884765625 0.9511214114832536 
0.8473684223074663 0.32421875 0.9880382775119617 
0.8131578953642595 0.16552734375 0.9792763157894736 
0.8263157901011015 0.2109375 0.978752990430622 
0.8289473709307218 0.1357421875 0.9691985645933014 
0.8105263176717257 0.119140625 0.9173145933014355 
0.7736842105263158 0.09765625 0.9508074162679424 
0.8657894749390451 0.22265625 0.9821620813397128 
0.8473684223074661 0.1884765625 0.9614234449760766 
0.8 0.10888671875 0.9033492822966508 
0.14473684234054462 0.0009765625 0.5744168660287081 
0.48947368515165235 0.0107421875 0.660002990430622 
0.805263158522154 0.12451171875 0.9194527511961722 
0.8131578959916768 0.17138671875 0.9827003588516746 
0.7500000025096693 0.05859375 0.9021531100478468 
0.8421052650401467 0.2529296875 0.9836872009569377 
0.7868421052631579 0.0810546875 0.8574013157894737 
0.7947368446149323 0.08544921875 0.7204246411483254 
0.8578947368421053 0.47314453125 0.9941088516746411 
0.7052631591495715 0.0576171875 0.8672547846889952 
0.7421052644127294 0.05322265625 0.8572966507177033 
0.7499999993725827 0.0546875 0.7646232057416268 
0.7815789461135865 0.07861328125 0.799686004784689 
0.7342105281980414 0.05126953125 0.735959928229665 
0.7552631597769889 0.06689453125 0.8871561004784689 
0.8000000025096693 0.2158203125 0.9877392344497608 
0.2526315794963586 0.00244140625 0.625971889952153 
0.41842105106303573 0.005859375 0.5546800239234451 
0.4815789473684211 0.0078125 0.4981160287081339 
0.6710526322063647 0.02587890625 0.8093151913875598 
0.781578947368421 0.087890625 0.9097936602870813 
0.3315789461135864 0.00341796875 0.7083881578947369 
0.7078947368421052 0.0400390625 0.8541716507177034 
0.3473684201115056 0.0048828125 0.5998355263157894 
0.6631578972465113 0.0390625 0.8656698564593303 
0.4263157891599756 0.00634765625 0.6633672248803827 
0.5394736860927783 0.0087890625 0.5983851674641147 
0.5026315798884944 0.01611328125 0.6892793062200957 
0.5842105269432067 0.0126953125 0.6763755980861245 
0.4657894733705018 0.009765625 0.7379784688995216 
0.7289473677936353 0.04833984375 0.858791866028708 
0.6868421071454098 0.05615234375 0.8691836124401913 
0.7473684204252142 0.052734375 0.8540370813397129 
0.771052632833782 0.0869140625 0.8879485645933014 
0.7684210545138308 0.09228515625 0.9153857655502392 
0.7657894761938798 0.06591796875 0.8761064593301435 
0.7421052644127294 0.076171875 0.9627093301435407 
0.7552631597769888 0.0751953125 0.9618570574162678 
0.8078947387243571 0.1337890625 0.9397876794258373 
0.778947370930722 0.09814453125 0.9793211722488039 
0.789473685465361 0.0849609375 0.882520933014354 
0.8394736848379436 0.18359375 0.9778558612440191 
0.7842105269432068 0.1025390625 0.9424790669856458 
0.8473684210526315 0.29248046875 0.9914772727272727 
0.8315789492506729 0.267578125 0.9871112440191387 
0.8210526334611993 0.2861328125 0.9900717703349283 
0.863157896619094 0.1748046875 0.9593450956937799 
0.8236842117811504 0.19384765625 0.9847488038277513 
0.8000000018822518 0.1240234375 0.9439892344497608 
0.8473684223074661 0.27197265625 0.9879336124401913 
0.8105263182991431 0.1650390625 0.9818331339712918 
0.8421052637853121 0.1923828125 0.9712320574162678 
