0.8221568641475603 0.0224609375 0.5855008426134681 
0.9110224101723745 0.1845703125 0.8981340097014415 
0.9127591048368886 0.19482421875 0.8964200314272048 
0.9362184885970685 0.27978515625 0.9246548131447699 
0.9395658271386177 0.2607421875 0.9243382637607886 
0.9244677883169565 0.216796875 0.9225253922707294 
0.931190476597858 0.19970703125 0.8795390676595842 
0.9110364161686404 0.21875 0.9385955683086242 
0.9177731097445768 0.1533203125 0.8601016829496025 
0.9412324937986059 0.328125 0.9044529275124684 
0.8926050432255958 0.14990234375 0.8966104165243334 
0.9345238107259201 0.17822265625 0.8474417002573386 
0.9160644254697805 0.2958984375 0.9278914736626358 
0.9277871149461143 0.15625 0.7579127667327092 
0.907675069734162 0.14306640625 0.8732701373232219 
0.7717226877800222 0.0185546875 0.6046799776821297 
0.807072828931301 0.0302734375 0.6620140739222518 
0.8305182070892398 0.03271484375 0.662828334585867 
0.8607703109214953 0.03759765625 0.7915074241078546 
0.8674649887926439 0.04931640625 0.7087135341941655 
0.8791736711640986 0.06103515625 0.7798176425041561 
0.912717083836136 0.09130859375 0.8365433490469358 
0.8657142893139389 0.05078125 0.785393181662909 
0.9244677887176598 0.1533203125 0.8510804240395344 
0.9127310932450602 0.1640625 0.8920081528546377 
0.9160784321806344 0.173828125 0.883335098266949 
0.8976750720315287 0.134765625 0.8708048097287696 
0.9143837539087825 0.23583984375 0.9235881669741067 
0.8976050444143493 0.1513671875 0.8927593313748264 
0.8908963578488646 0.1064453125 0.8656869577099131 
0.8959383761582256 0.15869140625 0.8961238641798183 
0.8691036389521859 0.04443359375 0.6495679328642027 
0.9127450984465977 0.169921875 0.8917547425474256 
0.5150700278108526 0.0029296875 0.45808356676003736 
0.9345378175235931 0.2431640625 0.9073610826444399 
0.8338235292114131 0.02197265625 0.38805151328824217 
0.7381932777183063 0.01513671875 0.593493543758967 
0.6660364145725047 0.0107421875 0.46485834984400254 
0.6156582601063725 0.00537109375 0.5572547880940995 
0.9261624661814265 0.16796875 0.8720517637949488 
0.5871848728910548 0.0048828125 0.4345832479333197 
0.904313726291603 0.0703125 0.862673248161053 
0.9161064441731664 0.10888671875 0.7962749083373186 
0.8489635875311887 0.03515625 0.5480602810229783 
0.9161064414817746 0.09375 0.7447758534308033 
0.7818067225888997 0.01904296875 0.48428326615198924 
0.5184033603461182 0.0048828125 0.48017074309398555 
0.80210083944123 0.0205078125 0.42937675070028003 
0.9110364157679369 0.12353515625 0.8665527430484389 
0.875812327334193 0.05908203125 0.7039755414360866 
0.7717366942704892 0.0205078125 0.6593605246976839 
0.8254481783634475 0.025390625 0.6499751201293524 
0.8926050440203243 0.05908203125 0.6790148823757145 
0.8372128864630264 0.033203125 0.6182526018537496 
0.9379551832682612 0.2001953125 0.9072321855571497 
0.8707422951222801 0.0537109375 0.6203418847213682 
0.8858403347319916 0.0595703125 0.7448388217075447 
0.9093837558989432 0.08642578125 0.8628207055179795 
0.8992717083896243 0.0625 0.843543075766892 
0.9060504221649064 0.1396484375 0.8704982236797157 
0.9144257715102337 0.14453125 0.8914865865045206 
0.9177871161415464 0.12060546875 0.7760630593700896 
0.9160504209694743 0.0966796875 0.7789877821047119 
0.9228431377491029 0.125 0.8282569287877752 
0.9009523806585319 0.0615234375 0.8240983466557354 
0.914467787916253 0.13916015625 0.8381336681013869 
0.9161484593904319 0.32373046875 0.9314533943658765 
0.9127731092503758 0.29150390625 0.9248618227778916 
0.8875770321079329 0.0576171875 0.6556182391655849 
0.9094117663020178 0.08642578125 0.633975085969347 
0.895952381753788 0.12353515625 0.869855446243538 
0.9244957987200312 0.12744140625 0.675171198560725 
0.9060504221649064 0.0849609375 0.6451719956275193 
0.9295518207349698 0.16015625 0.778161850105896 
