0.11864406779661019 0.00244140625 0.4023807813846596 
0.36440677966101687 0.232421875 0.7369739299051996 
0.2033898305084746 0.02587890625 0.4624209997127262 
0.32203389729483645 0.09130859375 0.6278996696351623 
0.28813559271521494 0.0361328125 0.3425560183855214 
0.35169491525423724 0.09130859375 0.5858948577994828 
0.41525423678301143 0.17236328125 0.7152308962941684 
0.3220338983050848 0.0458984375 0.5526698506176386 
0.4533898305084746 0.73095703125 0.7542193335248492 
0.43644067796610164 0.59033203125 0.7685650675093364 
0.34322033847792666 0.06201171875 0.5033216029876473 
0.3940677961050454 0.15283203125 0.6730914248779086 
0.35169491424398913 0.09375 0.6228095374892272 
0.3813559322033898 0.1142578125 0.6514471416259696 
0.33474576220674024 0.04736328125 0.5479208560758402 
0.40677966000670096 0.33154296875 0.729343220338983 
0.44067796610169485 0.462890625 0.7676583596667624 
0.4110169486474182 0.16748046875 0.6548854495834532 
0.343220339488175 0.0966796875 0.6312212726228096 
0.33050847482883317 0.0625 0.6048549267451881 
0.3728813549219552 0.302734375 0.7759533898305084 
0.41949152491860464 0.22705078125 0.6655863975869003 
0.4618644077899092 0.3896484375 0.7032461936225224 
0.38559322033898313 0.15087890625 0.6503698649813271 
0.3389830513525818 0.109375 0.6503519103705832 
0.35593220338983045 0.10205078125 0.6316252513645504 
0.39830508373551443 0.34814453125 0.7736282677391554 
0.3305084745762712 0.07373046875 0.6277380781384662 
0.36440677966101687 0.10498046875 0.6197482763573685 
0.44067796610169485 0.36474609375 0.7399903045101982 
0.4237288125490738 0.2705078125 0.7256266159149669 
0.343220339488175 0.1015625 0.6313200229819018 
0.4237288140644462 0.1708984375 0.6115160873312266 
0.3940677971152936 0.15625 0.7181664751508189 
0.33050847508139536 0.10400390625 0.6824008905486929 
0.4533898305084746 0.29931640625 0.6517254380925023 
0.466101693905006 0.4296875 0.7493177247917265 
0.3601694910202996 0.08447265625 0.5822859810399312 
0.38559321983385897 0.12744140625 0.6380350474001724 
0.33898305034233345 0.068359375 0.5317168198793452 
0.23728813559322037 0.0400390625 0.5372737719046251 
0.39406779661016955 0.4736328125 0.7840419419706981 
0.43644067695585353 0.625 0.7776680551565643 
0.4406779671119432 0.35107421875 0.6843669204251651 
0.4322033888202603 0.34521484375 0.7392092789428325 
0.3771186440677966 0.26953125 0.7516338695777076 
0.288135593220339 0.083984375 0.6278009192760702 
0.3516949157593614 0.14794921875 0.6886670496983627 
0.389830507464328 0.10791015625 0.50182239299052 
0.39830508373551443 0.119140625 0.5554169060614766 
0.4449152552475364 0.521484375 0.7515261419132434 
0.47881356033228206 0.42431640625 0.735277219189888 
0.2881355934729011 0.03759765625 0.41449116633151395 
0.19915254249916237 0.0185546875 0.4483984487216317 
0.3728813559322034 0.15087890625 0.6649130996839989 
0.3389830508474576 0.07958984375 0.531267954610744 
0.3855932193287348 0.09716796875 0.6058244757253664 
0.2118644070322231 0.033203125 0.5513232548118358 
0.23305084745762716 0.02734375 0.49072644355070383 
0.2584745767763106 0.0361328125 0.4240789284688309 
0.4110169486474182 0.1572265625 0.4979082878483194 
0.43644067695585353 0.28759765625 0.6981829933927033 
0.28389830533730787 0.04345703125 0.42285801493823616 
0.4491525423728814 0.41455078125 0.7421987216317151 
0.440677966606819 0.2802734375 0.6835320310255674 
0.36016949152542366 0.09375 0.597852628555013 
0.3940677961050454 0.32275390625 0.738024274633726 
0.4279661006846671 0.2294921875 0.6020719620798622 
0.3898305079694522 0.11328125 0.6148197357081299 
0.39406779661016955 0.154296875 0.6560884085033037 
0.3474576261083959 0.0673828125 0.5098211720769894 
0.3855932208441071 0.30712890625 0.7341191467968975 
0.3855932193287348 0.07958984375 0.49573577994829066 
0.10593220338983045 0.00341796875 0.4125071818442976 
0.27966101694915246 0.02587890625 0.3353382648664177 
0.15677966101694918 0.009765625 0.4106309250215455 
0.22881355944831494 0.01708984375 0.37278260557311116 
0.1228813559322034 0.0048828125 0.4349324906636023 
0.2584745762711864 0.02197265625 0.38714629416834245 
0.4279661006846671 0.15673828125 0.49555623384085035 
0.19491525436356916 0.01025390625 0.4411447859810399 
0.2627118645330606 0.037109375 0.3434537489227234 
0.2118644069059421 0.02001953125 0.4588211002585465 
0.423728813559322 0.349609375 0.7586541223786268 
