1.0 0.22998046875 0.8985395710486761 
0.9758064516129032 0.14501953125 0.8743640883339114 
0.8575268817204301 0.10302734375 0.8812796277026246 
0.9865591397849462 0.130859375 0.660535177477165 
0.9193548387096774 0.07861328125 0.7141360272863915 
0.8978494630065016 0.06298828125 0.6743843218869233 
0.8897849462365591 0.18701171875 0.9039954040929586 
0.7553763440860215 0.01416015625 0.44612093883685977 
0.6801075268817204 0.02880859375 0.6718515146259683 
0.7903225806451613 0.01806640625 0.5657843392299687 
0.8494623649504877 0.03955078125 0.6087770262458088 
0.7849462365591398 0.0224609375 0.5885687651751648 
0.9086021505376344 0.16796875 0.8824249913284773 
0.8736559133375844 0.0712890625 0.7235157243611978 
0.8010752688172043 0.02880859375 0.5736176147531507 
0.9543010752688172 0.0556640625 0.6170474910394266 
0.8817204294666168 0.048828125 0.6838543473233899 
0.8629032270882719 0.044921875 0.6016663776159095 
0.5268817191482872 0.00244140625 0.06551696727945422 
0.5752688172043011 0.00732421875 0.04866530812810732 
0.9032258064516129 0.03076171875 0.2373612556364898 
0.6612903225806451 0.00830078125 0.049734795930165276 
0.7930107514063517 0.017578125 0.4769192970285582 
0.8629032258064516 0.02978515625 0.5559024164643313 
0.860215054404351 0.02587890625 0.12813981385131235 
0.7204301062450614 0.01220703125 0.4656932882414152 
0.9784946223740937 0.1591796875 0.7603877615909355 
0.9408602150537635 0.07080078125 0.6994883801595561 
0.9193548387096774 0.0615234375 0.6381915539368713 
0.9704301075268817 0.0966796875 0.7298567753497514 
0.96505376279995 0.08544921875 0.8016208521216325 
0.8333333326924232 0.02490234375 0.40910437622846574 
0.9139784946236559 0.03125 0.45271129610359584 
0.9623655913978495 0.2548828125 0.9008302983003815 
0.9166666666666666 0.05224609375 0.5938692334373916 
0.9731182795698925 0.10546875 0.8229311192045324 
0.967741935483871 0.2021484375 0.8788010174586658 
0.5779569892873687 0.009765625 0.20488640305237604 
0.706989247311828 0.0107421875 0.32256980575789107 
0.49731182795698925 0.00634765625 0.26346976529078503 
0.6639784952645661 0.01025390625 0.0840162157474853 
0.5591397855871467 0.00830078125 0.11470617990519139 
0.6989247305418855 0.0146484375 0.527560989709793 
0.771505376344086 0.04541015625 0.6118048329286623 
0.8736559139784946 0.05615234375 0.6869580298300382 
0.5322580632343087 0.0068359375 0.2553691178170887 
0.4838709677419355 0.0068359375 0.3539173603884842 
0.9220430107526881 0.1435546875 0.8670511041738931 
0.7849462365591398 0.06005859375 0.7098219447334951 
0.8817204301075269 0.0458984375 0.6026310845184415 
0.9059139784946236 0.0830078125 0.7951641808301538 
0.8010752700990246 0.0283203125 0.46767689906347554 
0.9086021505376344 0.10546875 0.8356204474505722 
0.9811827956989247 0.1640625 0.7384596485142791 
0.8521505379548637 0.0244140625 0.35969476240027753 
0.5833333333333334 0.01025390625 0.14006315759047283 
0.9811827956989247 0.07421875 0.6579806914094115 
0.9758064516129032 0.1396484375 0.8159505434154236 
0.9032258064516129 0.04638671875 0.616928257602035 
0.8010752681762942 0.0166015625 0.25543415423748406 
0.975806450971993 0.0947265625 0.7038133021158515 
0.8736559126966743 0.04296875 0.5806560006937218 
0.8978494617246813 0.05712890625 0.7009806046941843 
0.9354838709677419 0.1171875 0.8437644525378657 
0.9032258058107028 0.03515625 0.48204272170193097 
0.9543010752688172 0.0517578125 0.454395016764944 
0.9408602150537635 0.04150390625 0.5292736154468725 
0.9758064516129032 0.1337890625 0.6984550237021622 
0.9919354838709677 0.1962890625 0.7919268123482484 
0.9327956989247311 0.13623046875 0.8668632211816396 
0.9623655926796698 0.08349609375 0.6756200138744364 
0.900537633767692 0.076171875 0.7218681350445137 
