0.6859504117453394 0.0244140625 0.5244268195147961 
0.5619834699660293 0.00830078125 0.562883231138363 
0.6198347113595521 0.02392578125 0.8571047720607838 
0.7024793417985774 0.02490234375 0.44074913356438294 
0.7438016533851624 0.34375 0.5685483870967741 
0.760330579004997 0.3486328125 0.4471474273527061 
0.7520661117616764 0.41259765625 0.4857371367635297 
0.6115702468255335 0.0078125 0.23956944814716075 
0.760330579004997 0.4306640625 0.48613703012529985 
0.7520661171802805 0.2265625 0.29355505198613707 
0.7438016578185657 0.18310546875 0.5117968541722208 
0.7520661127468771 0.1962890625 0.37036790189282853 
0.7190082647091101 0.03271484375 0.35933750999733416 
0.7438016578185657 0.193359375 0.5477206078379099 
0.7438016499369597 0.08544921875 0.34270861103705674 
0.7355371861418417 0.0849609375 0.6633231138363103 
0.5041322320207091 0.0009765625 0.1738869634764063 
0.6280991738000192 0.01611328125 0.6513596374300187 
0.6033057857397174 0.00732421875 0.5001999466808851 
0.6115702481801845 0.01318359375 0.4465475873100506 
0.7024793417985774 0.0224609375 0.41652226073047194 
0.6363636348858352 0.0234375 0.6441948813649694 
0.7190082639702096 0.04150390625 0.505998400426553 
0.6942148738163562 0.06005859375 0.7167088776326312 
0.6776859533688253 0.02001953125 0.615335910423887 
0.6859504161787428 0.0341796875 0.7351706211676886 
0.6611570260248893 0.03759765625 0.8408757664622767 
0.6611570260248893 0.0380859375 0.8418754998667022 
0.7190082674184122 0.0703125 0.8246467608637696 
0.6611570277489907 0.01708984375 0.4078912290055985 
0.652892563214972 0.0283203125 0.8260463876299654 
0.6942148720922549 0.0341796875 0.7066115702479338 
0.6528925625992216 0.013671875 0.2737270061316983 
0.6859504127305401 0.01806640625 0.34724073580378567 
0.7107438028843935 0.02783203125 0.6875833111170355 
0.7355371895900442 0.4267578125 0.591442282058118 
0.7438016533851624 0.53955078125 0.6666888829645428 
0.6446280994198539 0.02294921875 0.6329645427885897 
