0.9544392523364486 0.32958984375 0.9821020121844702 
0.9334112149532711 0.19580078125 0.9794352945672111 
0.9415887850467289 0.1337890625 0.9093841438116865 
0.9415887850467289 0.15576171875 0.9655414774216089 
0.9380841121495327 0.16943359375 0.9781817735173378 
0.9404205607476636 0.21533203125 0.9752714483797712 
0.9521028037383178 0.40087890625 0.986623422351297 
0.9450934579439252 0.40380859375 0.9890622270503974 
0.9450934579439252 0.22216796875 0.9605997248668007 
0.9427570093457944 0.2744140625 0.9864309928814743 
0.9345794392523364 0.3173828125 0.9877275034937548 
0.9439252336448598 0.18408203125 0.9643439110402655 
0.927570093457944 0.2060546875 0.9805864595161149 
0.9334112149532711 0.154296875 0.9767576589658485 
0.9415887850467289 0.271484375 0.9838652666171718 
0.9450934579439252 0.37353515625 0.9858987411564328 
0.9462616822429907 0.29248046875 0.9820078445715783 
0.9392523364485982 0.25048828125 0.9768709330509214 
0.9521028037383178 0.31201171875 0.9709561151628964 
0.8831775695364051 0.025390625 0.7972086808891606 
0.860981308411215 0.0234375 0.8854730762512011 
0.8785046723401435 0.02392578125 0.853233633941829 
0.8913551396298631 0.0302734375 0.7581414042711153 
0.9100467295290153 0.03759765625 0.9163730183858853 
0.9112149538280808 0.0595703125 0.9530076316708883 
0.9252336448598131 0.06005859375 0.9645922951786182 
0.9392523364485982 0.1474609375 0.9451603305965587 
0.8995327097233211 0.037109375 0.748711677875797 
0.893691588227994 0.03125 0.9370639630098697 
0.9392523364485982 0.35400390625 0.9888309022622064 
0.9485981308411215 0.169921875 0.9571455476460826 
0.9415887850467289 0.28125 0.9864439579875972 
0.9217289719626168 0.1318359375 0.9781442429469822 
0.9380841121495327 0.24462890625 0.9847380229714385 
0.9357476635514018 0.23193359375 0.9822009564154074 
0.9345794392523364 0.189453125 0.9784096864354965 
0.9439252336448598 0.18798828125 0.9691109758494192 
0.9357476635514018 0.1044921875 0.9741885208315136 
0.7336448603701369 0.0078125 0.7681279478557079 
0.8691588779476201 0.02490234375 0.9046969167612893 
0.7955607482206042 0.01611328125 0.8225793464494715 
0.7768691588785047 0.0126953125 0.854112531662154 
0.8119158872934146 0.013671875 0.8083907437330771 
0.9299065420560748 0.0595703125 0.9407078402043847 
0.7792056074766355 0.00830078125 0.7788992215477335 
0.8983644859813084 0.08740234375 0.9652842224211723 
0.825934579996305 0.01611328125 0.7908987684513932 
0.8189252342019125 0.0166015625 0.8475303519958075 
0.9427570093457944 0.2685546875 0.9789685507467901 
0.9182242990654206 0.04296875 0.9139683323871082 
0.9369158872934146 0.0732421875 0.9395525810114421 
0.9287383177570093 0.25537109375 0.9869161608000698 
0.9357476635514018 0.21533203125 0.978953538518648 
0.9345794392523364 0.2001953125 0.9801197156956939 
0.9275700929008912 0.1904296875 0.9829734037907241 
0.9404205607476636 0.2529296875 0.9769985369901303 
0.9509345794392523 0.28564453125 0.9630330705738492 
0.9439252336448598 0.18115234375 0.9588910603546161 
0.9158878504672897 0.05908203125 0.9422820770372958 
0.4287383171999566 0.0009765625 0.6476534522665733 
0.9357476635514018 0.51611328125 0.9897630251550353 
0.7242990654205608 0.00537109375 0.841519319372871 
0.7850467289719626 0.009765625 0.8267506987509826 
0.8586448603701369 0.01953125 0.917634727923836 
0.9205607476635514 0.044921875 0.9391499803476286 
0.9345794392523364 0.1005859375 0.9617304185955105 
0.8855140192486416 0.02587890625 0.9117035330596559 
0.9369158878504673 0.1376953125 0.9716855729758057 
0.9322429906542056 0.2890625 0.9887353699013015 
0.9485981308411215 0.22265625 0.9750326174775089 
